172	11										
Time	C2H2	H2	H	O2	OH	H2O	CO	A4	T	P	Alpha
0	1.38E-08	6.95E-07	3.52E-15	6.62E-06	6.76E-16	6.39E-07	0	1.19E-17	298	1	0.999990009
0.000259079	1.41E-08	6.90E-07	3.47E-15	6.35E-06	6.71E-16	6.42E-07	0	1.38E-17	308.9	1	0.999989321
0.000509139	1.43E-08	6.84E-07	2.13E-15	6.10E-06	5.64E-16	6.46E-07	0	1.60E-17	319.8	1	0.999988585
0.0009838	1.49E-08	6.75E-07	8.31E-16	5.65E-06	3.85E-16	6.52E-07	0	2.13E-17	341.6	1	0.999986959
0.001428385	1.54E-08	6.67E-07	3.59E-16	5.26E-06	3.33E-16	6.58E-07	0	2.81E-17	363.4	1	0.9999851
0.001846292	1.60E-08	6.59E-07	1.71E-16	4.90E-06	3.54E-16	6.64E-07	0	3.66E-17	385.2	1	0.999982977
0.002613338	1.71E-08	6.46E-07	5.52E-17	4.30E-06	5.17E-16	6.76E-07	0	5.93E-17	428.8	1	0.999977778
0.003303962	1.82E-08	6.35E-07	3.66E-17	3.80E-06	8.61E-16	6.87E-07	0	9.35E-17	472.4	1	0.999970993
0.003931511	1.94E-08	6.25E-07	5.81E-17	3.38E-06	1.51E-15	6.99E-07	0	1.43E-16	516	1	0.999962136
0.004506214	2.06E-08	6.17E-07	1.39E-16	3.03E-06	2.74E-15	7.10E-07	0	2.13E-16	559.7	1	0.999950544
0.005036235	2.19E-08	6.10E-07	3.79E-16	2.72E-06	5.20E-15	7.21E-07	0	3.09E-16	603.3	1	0.999937694
0.00552757	2.31E-08	6.04E-07	1.11E-15	2.44E-06	1.03E-14	7.33E-07	0	4.40E-16	646.9	1	0.999918592
0.005985315	2.45E-08	5.99E-07	3.49E-15	2.20E-06	2.15E-14	7.44E-07	0	6.13E-16	690.5	1	0.999893636
0.006413556	2.58E-08	5.94E-07	1.15E-14	1.99E-06	4.67E-14	7.56E-07	0	8.40E-16	734.1	1	0.999856414
0.006815729	2.72E-08	5.90E-07	3.89E-14	1.79E-06	1.05E-13	7.68E-07	0	1.13E-15	777.7	1	0.999812573
0.007194657	2.87E-08	5.86E-07	1.31E-13	1.61E-06	2.44E-13	7.80E-07	0	1.51E-15	821.3	1	0.999762764
0.007552678	3.02E-08	5.83E-07	4.28E-13	1.44E-06	5.86E-13	7.93E-07	0	1.99E-15	864.9	1	0.999690043
0.007724504	3.10E-08	5.82E-07	7.99E-13	1.36E-06	9.43E-13	7.99E-07	0	2.27E-15	886.7	1	0.99963515
0.0078918	3.17E-08	5.80E-07	1.46E-12	1.29E-06	1.52E-12	8.05E-07	0	2.59E-15	908.5	1	0.999595035
0.008054899	3.25E-08	5.79E-07	2.66E-12	1.22E-06	2.45E-12	8.11E-07	0	2.95E-15	930.3	1	0.999523768
0.008213959	3.33E-08	5.78E-07	4.79E-12	1.15E-06	3.96E-12	8.17E-07	0	3.35E-15	952.1	1	0.999470912
0.008369137	3.42E-08	5.77E-07	8.59E-12	1.08E-06	6.43E-12	8.24E-07	0	3.80E-15	973.9	1	0.999395244
0.00852058	3.50E-08	5.75E-07	1.54E-11	1.01E-06	1.04E-11	8.30E-07	0	4.29E-15	995.8	1	0.999308334
0.008539293	3.51E-08	5.76E-07	1.67E-11	1.01E-06	1.11E-11	8.31E-07	0	4.36E-15	997.9	1	0.99929937
0.008557962	3.52E-08	5.76E-07	1.82E-11	1.00E-06	1.18E-11	8.32E-07	0	4.43E-15	1000	1	0.999290291
0.008595119	3.55E-08	5.76E-07	2.10E-11	9.85E-07	1.33E-11	8.35E-07	0	4.57E-15	1004	1	0.999292036
0.008668959	3.60E-08	5.76E-07	2.71E-11	9.56E-07	1.66E-11	8.40E-07	0	4.86E-15	1013	1	0.999231409
0.008742113	3.65E-08	5.76E-07	3.43E-11	9.27E-07	2.04E-11	8.45E-07	0	5.18E-15	1021	1	0.999213973
0.008814593	3.71E-08	5.76E-07	4.29E-11	8.98E-07	2.49E-11	8.50E-07	0	5.51E-15	1030	1	0.99916922
0.008886396	3.76E-08	5.76E-07	5.32E-11	8.70E-07	3.01E-11	8.55E-07	0	5.86E-15	1039	1	0.99912192
0.008957535	3.81E-08	5.77E-07	6.54E-11	8.43E-07	3.60E-11	8.60E-07	0	6.23E-15	1047	1	0.999101474
0.009028036	3.87E-08	5.77E-07	7.96E-11	8.15E-07	4.26E-11	8.64E-07	0	6.62E-15	1056	1	0.999074656
0.009097912	3.93E-08	5.78E-07	9.59E-11	7.88E-07	4.97E-11	8.69E-07	0	7.03E-15	1064	1	0.99900204
0.009172065	3.99E-08	5.78E-07	1.16E-10	7.60E-07	5.79E-11	8.75E-07	0	7.51E-15	1073	1	0.99897187
0.009245569	4.05E-08	5.79E-07	1.38E-10	7.32E-07	6.65E-11	8.79E-07	0	8.01E-15	1082	1	0.99894053
0.009318347	4.12E-08	5.79E-07	1.62E-10	7.05E-07	7.52E-11	8.84E-07	0	8.54E-15	1091	1	0.998907963
0.009390499	4.18E-08	5.79E-07	1.89E-10	6.79E-07	8.39E-11	8.89E-07	0	9.11E-15	1100	1	0.998844882
0.009461952	4.25E-08	5.80E-07	2.18E-10	6.53E-07	9.23E-11	8.93E-07	0	9.71E-15	1109	1	0.99880884
0.009532787	4.32E-08	5.80E-07	2.48E-10	6.27E-07	1.00E-10	8.97E-07	0	1.03E-14	1118	1	0.998771362
0.009602947	4.39E-08	5.81E-07	2.80E-10	6.02E-07	1.08E-10	9.01E-07	0	1.10E-14	1127	1	0.998732383
0.009672527	4.46E-08	5.81E-07	3.14E-10	5.78E-07	1.14E-10	9.04E-07	0	1.18E-14	1136	1	0.99869183
0.009746572	4.55E-08	5.82E-07	3.51E-10	5.53E-07	1.20E-10	9.08E-07	0	1.26E-14	1146	1	0.998641024
0.009819888	4.63E-08	5.82E-07	3.90E-10	5.29E-07	1.26E-10	9.10E-07	0	1.35E-14	1156	1	0.998551902
0.009892553	4.72E-08	5.83E-07	4.30E-10	5.06E-07	1.30E-10	9.14E-07	0	1.44E-14	1165	1	0.99846671
0.009964501	4.81E-08	5.83E-07	4.70E-10	4.83E-07	1.33E-10	9.16E-07	0	1.54E-14	1175	1	0.998366165
0.010035797	4.91E-08	5.84E-07	5.11E-10	4.61E-07	1.36E-10	9.18E-07	0	1.65E-14	1184	1	0.998270055
0.010106479	5.01E-08	5.84E-07	5.53E-10	4.40E-07	1.38E-10	9.19E-07	0	1.76E-14	1194	1	0.998156627
0.010176481	5.11E-08	5.85E-07	5.95E-10	4.20E-07	1.39E-10	9.21E-07	0	1.89E-14	1204	1	0.997988348
0.010245905	5.22E-08	5.86E-07	6.37E-10	4.01E-07	1.39E-10	9.22E-07	0	2.02E-14	1213	1	0.997920245
0.010319439	5.34E-08	5.86E-07	6.82E-10	3.81E-07	1.38E-10	9.23E-07	0	2.17E-14	1223	1	0.997731396
0.010392259	5.46E-08	5.86E-07	7.26E-10	3.62E-07	1.37E-10	9.22E-07	0	2.33E-14	1234	1	0.997511256
0.010464451	5.59E-08	5.87E-07	7.70E-10	3.44E-07	1.36E-10	9.22E-07	0	2.50E-14	1244	1	0.997349351
0.010535954	5.73E-08	5.88E-07	8.13E-10	3.27E-07	1.34E-10	9.22E-07	0	2.69E-14	1254	1	0.997047765
0.010677094	6.01E-08	5.89E-07	8.96E-10	2.95E-07	1.29E-10	9.21E-07	0	3.09E-14	1274	1	0.996506203
0.010815759	6.31E-08	5.89E-07	9.73E-10	2.66E-07	1.24E-10	9.18E-07	0	3.55E-14	1294	1	0.995788299
0.010962559	6.65E-08	5.90E-07	1.05E-09	2.39E-07	1.17E-10	9.14E-07	0	4.12E-14	1315	1	0.994809137
0.011106823	7.01E-08	5.91E-07	1.11E-09	2.14E-07	1.11E-10	9.10E-07	0	4.78E-14	1335	1	0.993675222
0.011248637	7.38E-08	5.91E-07	1.16E-09	1.92E-07	1.05E-10	9.04E-07	0	5.52E-14	1356	1	0.992147922
0.011388106	7.75E-08	5.90E-07	1.20E-09	1.73E-07	1.01E-10	8.98E-07	0	6.36E-14	1377	1	0.990482986
0.011534391	8.15E-08	5.91E-07	1.24E-09	1.55E-07	9.61E-11	8.92E-07	0	7.39E-14	1396	1	0.988276722
0.011678427	8.54E-08	5.90E-07	1.26E-09	1.39E-07	9.26E-11	8.86E-07	0	8.54E-14	1416	1	0.985369679
0.011820305	8.92E-08	5.89E-07	1.28E-09	1.25E-07	8.99E-11	8.79E-07	0	9.82E-14	1436	1	0.982425326
0.011960089	9.27E-08	5.89E-07	1.30E-09	1.13E-07	8.81E-11	8.71E-07	0	1.13E-13	1455	1	0.978543586
0.012105577	9.62E-08	5.88E-07	1.31E-09	1.01E-07	8.68E-11	8.64E-07	0	1.29E-13	1475	1	0.974220549
0.012249001	9.94E-08	5.87E-07	1.32E-09	9.07E-08	8.63E-11	8.56E-07	0	1.47E-13	1495	1	0.968862537
0.012319955	1.01E-07	5.86E-07	1.33E-09	8.61E-08	8.63E-11	8.52E-07	0	1.57E-13	1505	1	0.965683527
0.012390409	1.02E-07	5.86E-07	1.33E-09	8.17E-08	8.64E-11	8.48E-07	0	1.67E-13	1514	1	0.962871632
0.012460381	1.03E-07	5.85E-07	1.33E-09	7.76E-08	8.67E-11	8.44E-07	0	1.77E-13	1524	1	0.959691662
0.012529877	1.04E-07	5.84E-07	1.34E-09	7.37E-08	8.70E-11	8.41E-07	0	1.88E-13	1534	1	0.955841508
0.01267422	1.07E-07	5.83E-07	1.34E-09	6.65E-08	8.71E-11	8.34E-07	0	2.12E-13	1550	1	0.948827588
0.012816974	1.09E-07	5.82E-07	1.34E-09	6.01E-08	8.77E-11	8.28E-07	0	2.37E-13	1566	1	0.939950101
0.012958192	1.10E-07	5.81E-07	1.34E-09	5.43E-08	8.84E-11	8.21E-07	0	2.63E-13	1582	1	0.931307408
0.013097909	1.11E-07	5.79E-07	1.34E-09	4.91E-08	8.94E-11	8.14E-07	0	2.90E-13	1598	1	0.92185253
0.013242511	1.12E-07	5.78E-07	1.34E-09	4.44E-08	9.04E-11	8.08E-07	0	3.19E-13	1613	1	0.910571171
0.013385686	1.13E-07	5.77E-07	1.34E-09	4.02E-08	9.13E-11	8.02E-07	0	3.47E-13	1628	1	0.899079689
0.013527461	1.13E-07	5.75E-07	1.33E-09	3.64E-08	9.23E-11	7.96E-07	0	3.76E-13	1643	1	0.886737699
0.013667884	1.13E-07	5.73E-07	1.31E-09	3.30E-08	9.31E-11	7.89E-07	0	4.02E-13	1659	1	0.872273284
0.013810644	1.13E-07	5.73E-07	1.30E-09	3.00E-08	9.26E-11	7.86E-07	0	4.31E-13	1667	1	0.861816717
0.013952636	1.13E-07	5.73E-07	1.28E-09	2.74E-08	9.16E-11	7.82E-07	0	4.57E-13	1676	1	0.850460937
0.014093887	1.13E-07	5.72E-07	1.25E-09	2.50E-08	9.07E-11	7.78E-07	0	4.81E-13	1684	1	0.839276922
0.014234403	1.13E-07	5.72E-07	1.23E-09	2.29E-08	8.95E-11	7.76E-07	0	5.02E-13	1692	1	0.827774815
0.01451936	1.13E-07	5.73E-07	1.17E-09	1.93E-08	8.49E-11	7.72E-07	0	5.41E-13	1699	1	0.81040303
0.014803076	1.12E-07	5.74E-07	1.10E-09	1.65E-08	8.00E-11	7.69E-07	0	5.67E-13	1706	1	0.791777178
0.015087137	1.12E-07	5.74E-07	1.03E-09	1.41E-08	7.47E-11	7.67E-07	0	5.82E-13	1711	1	0.77598707
0.015370453	1.11E-07	5.75E-07	9.62E-10	1.22E-08	6.96E-11	7.64E-07	0	5.86E-13	1715	1	0.758964469
0.01565482	1.11E-07	5.77E-07	8.95E-10	1.07E-08	6.39E-11	7.64E-07	0	5.84E-13	1714	1	0.748012258
0.01593941	1.11E-07	5.79E-07	8.32E-10	9.39E-09	5.87E-11	7.65E-07	0	5.76E-13	1712	1	0.736036011
0.016223023	1.11E-07	5.81E-07	7.74E-10	8.31E-09	5.39E-11	7.65E-07	0	5.64E-13	1710	1	0.725047068
0.016507047	1.11E-07	5.82E-07	7.22E-10	7.39E-09	4.97E-11	7.65E-07	0	5.50E-13	1708	1	0.715033382
0.017075693	1.10E-07	5.85E-07	6.37E-10	5.91E-09	4.31E-11	7.64E-07	0	5.20E-13	1707	1	0.694120182
0.017641854	1.10E-07	5.87E-07	5.73E-10	4.80E-09	3.84E-11	7.63E-07	0	4.93E-13	1707	1	0.675460895
0.018210575	1.09E-07	5.89E-07	5.22E-10	3.94E-09	3.47E-11	7.61E-07	0	4.71E-13	1707	1	0.657984097
0.018776737	1.09E-07	5.92E-07	4.83E-10	3.26E-09	3.18E-11	7.60E-07	0	4.54E-13	1706	1	0.644761439
0.019345832	1.09E-07	5.94E-07	4.51E-10	2.72E-09	2.94E-11	7.59E-07	0	4.41E-13	1705	1	0.632564111
0.01991274	1.09E-07	5.96E-07	4.24E-10	2.28E-09	2.74E-11	7.58E-07	0	4.30E-13	1704	1	0.6221421
0.020480022	1.08E-07	5.98E-07	4.03E-10	1.92E-09	2.58E-11	7.58E-07	0	4.21E-13	1702	1	0.613301013
0.021047679	1.08E-07	6.00E-07	3.85E-10	1.62E-09	2.44E-11	7.57E-07	0	4.14E-13	1701	1	0.604705135
0.021615711	1.08E-07	6.02E-07	3.71E-10	1.37E-09	2.33E-11	7.56E-07	0	4.09E-13	1700	1	0.597735846
0.022184043	1.08E-07	6.04E-07	3.59E-10	1.16E-09	2.24E-11	7.55E-07	0	4.04E-13	1699	1	0.592342979
0.022752676	1.08E-07	6.06E-07	3.48E-10	9.85E-10	2.16E-11	7.54E-07	0	4.01E-13	1698	1	0.586255013
0.023318963	1.08E-07	6.07E-07	3.40E-10	8.36E-10	2.10E-11	7.52E-07	0	3.98E-13	1698	1	0.581078403
0.023888122	1.08E-07	6.09E-07	3.33E-10	7.09E-10	2.04E-11	7.51E-07	0	3.96E-13	1697	1	0.575833826
0.02445486	1.08E-07	6.11E-07	3.26E-10	6.02E-10	1.99E-11	7.51E-07	0	3.94E-13	1696	1	0.572810573
0.025021822	1.08E-07	6.12E-07	3.21E-10	5.11E-10	1.94E-11	7.50E-07	0	3.92E-13	1696	1	0.568470851
0.02558901	1.08E-07	6.14E-07	3.16E-10	4.33E-10	1.90E-11	7.49E-07	0	3.90E-13	1695	1	0.564770391
0.026156424	1.07E-07	6.16E-07	3.11E-10	3.66E-10	1.87E-11	7.48E-07	0	3.89E-13	1694	1	0.561805912
0.026724063	1.07E-07	6.17E-07	3.07E-10	3.09E-10	1.83E-11	7.47E-07	0	3.88E-13	1693	1	0.558857062
0.027291928	1.07E-07	6.18E-07	3.04E-10	2.60E-10	1.80E-11	7.46E-07	0	3.86E-13	1693	1	0.555327037
0.027860019	1.07E-07	6.20E-07	3.00E-10	2.19E-10	1.77E-11	7.46E-07	0	3.84E-13	1692	1	0.552412772
0.028428413	1.07E-07	6.21E-07	2.97E-10	1.83E-10	1.74E-11	7.45E-07	0	3.83E-13	1691	1	0.550210544
0.028994375	1.07E-07	6.23E-07	2.94E-10	1.53E-10	1.71E-11	7.44E-07	0	3.81E-13	1690	1	0.548016942
0.029563221	1.07E-07	6.25E-07	2.91E-10	1.28E-10	1.69E-11	7.43E-07	0	3.79E-13	1689	1	0.545141007
0.030129711	1.07E-07	6.26E-07	2.88E-10	1.06E-10	1.66E-11	7.43E-07	0	3.78E-13	1688	1	0.543655422
0.030699163	1.07E-07	6.27E-07	2.85E-10	8.79E-11	1.64E-11	7.42E-07	0	3.75E-13	1688	1	0.540908449
0.031266255	1.07E-07	6.28E-07	2.82E-10	7.26E-11	1.61E-11	7.41E-07	0	3.74E-13	1687	1	0.538751729
0.03183365	1.07E-07	6.30E-07	2.79E-10	5.99E-11	1.59E-11	7.41E-07	0	3.72E-13	1686	1	0.537283155
0.032401347	1.07E-07	6.31E-07	2.77E-10	4.92E-11	1.57E-11	7.41E-07	0	3.70E-13	1685	1	0.535140277
0.032969347	1.07E-07	6.32E-07	2.74E-10	4.04E-11	1.55E-11	7.41E-07	0	3.68E-13	1684	1	0.533005595
0.033545655	1.07E-07	6.34E-07	2.72E-10	3.29E-11	1.53E-11	7.40E-07	0	3.65E-13	1683	1	0.531551366
0.034106253	1.07E-07	6.35E-07	2.70E-10	2.70E-11	1.51E-11	7.39E-07	0	3.63E-13	1682	1	0.530100554
0.03466715	1.07E-07	6.36E-07	2.67E-10	2.20E-11	1.49E-11	7.39E-07	0	3.61E-13	1681	1	0.527984753
0.035228347	1.07E-07	6.38E-07	2.65E-10	1.80E-11	1.47E-11	7.39E-07	0	3.59E-13	1680	1	0.526542637
0.035816583	1.07E-07	6.39E-07	2.63E-10	1.45E-11	1.45E-11	7.39E-07	0	3.57E-13	1679	1	0.525103917
0.036378305	1.07E-07	0.00000064	2.61E-10	1.18E-11	1.43E-11	7.38E-07	0	3.55E-13	1678	1	0.523668461
0.036940253	1.07E-07	6.41E-07	2.59E-10	9.60E-12	1.41E-11	7.38E-07	0	3.52E-13	1678	1	0.521685436
0.037502502	1.07E-07	6.42E-07	2.57E-10	7.81E-12	1.39E-11	7.37E-07	0	3.50E-13	1677	1	0.52025894
0.038091841	1.07E-07	6.43E-07	2.55E-10	6.29E-12	1.38E-11	7.37E-07	0	3.48E-13	1676	1	0.518180147
0.038654692	1.07E-07	6.44E-07	2.53E-10	5.11E-12	1.36E-11	7.37E-07	0	3.45E-13	1675	1	0.517415728
0.039217846	1.07E-07	6.45E-07	2.51E-10	4.16E-12	1.34E-11	7.36E-07	0	3.43E-13	1674	1	0.51599896
0.039781302	1.07E-07	6.47E-07	2.49E-10	3.38E-12	1.33E-11	7.36E-07	0	3.41E-13	1673	1	0.514585411
0.04034506	1.07E-07	6.48E-07	2.47E-10	2.75E-12	1.31E-11	7.36E-07	0	3.39E-13	1672	1	0.513175031
0.040909122	1.07E-07	6.49E-07	2.45E-10	2.24E-12	1.30E-11	7.36E-07	0	3.36E-13	1671	1	0.512415024
0.041473486	1.07E-07	6.50E-07	2.43E-10	1.82E-12	1.28E-11	7.35E-07	0	3.34E-13	1670	1	0.511655312
0.042064963	1.07E-07	6.51E-07	2.41E-10	1.47E-12	1.27E-11	7.35E-07	0	3.32E-13	1670	1	0.509719112
0.042629783	1.07E-07	6.52E-07	2.40E-10	1.20E-12	1.25E-11	7.34E-07	0	3.29E-13	1669	1	0.508319915
0.043194907	1.07E-07	6.53E-07	2.38E-10	9.76E-13	1.24E-11	7.35E-07	0	3.27E-13	1668	1	0.507564795
0.043760335	1.07E-07	6.54E-07	2.36E-10	7.97E-13	1.23E-11	7.34E-07	0	3.25E-13	1667	1	0.506169973
0.044326068	1.07E-07	6.55E-07	2.34E-10	6.51E-13	1.21E-11	7.34E-07	0	3.23E-13	1666	1	0.50541645
0.044892105	1.07E-07	6.56E-07	2.33E-10	5.32E-13	1.20E-11	7.34E-07	0	3.20E-13	1665	1	0.504025903
0.045458449	1.07E-07	6.57E-07	2.31E-10	4.35E-13	1.19E-11	7.34E-07	0	3.18E-13	1664	1	0.503273882
0.046025097	1.07E-07	6.58E-07	2.29E-10	3.56E-13	1.17E-11	7.34E-07	0	3.16E-13	1663	1	0.502522167
0.046591975	1.07E-07	6.59E-07	2.28E-10	2.92E-13	1.16E-11	7.34E-07	0	3.14E-13	1662	1	0.501137116
0.047159083	1.06E-07	6.59E-07	2.26E-10	2.39E-13	1.15E-11	7.33E-07	0	3.11E-13	1662	1	0.499872458
0.047726497	1.06E-07	6.60E-07	2.24E-10	1.96E-13	1.13E-11	7.33E-07	0	3.09E-13	1661	1	0.499124068
0.048294218	1.06E-07	6.61E-07	2.23E-10	1.61E-13	1.12E-11	7.33E-07	0	3.07E-13	1660	1	0.497746753
0.048862246	1.06E-07	6.62E-07	2.21E-10	1.33E-13	1.11E-11	7.33E-07	0	3.05E-13	1659	1	0.49699984
0.049430582	1.06E-07	6.63E-07	2.19E-10	1.09E-13	1.10E-11	7.33E-07	0	3.03E-13	1658	1	0.496253178
0.049999148	1.06E-07	6.64E-07	2.18E-10	8.99E-14	1.09E-11	7.33E-07	0	3.00E-13	1657	1	0.495506771
0.050567946	1.06E-07	6.65E-07	2.16E-10	7.40E-14	1.07E-11	7.32E-07	0	2.98E-13	1657	1	0.49363223
0.051137052	1.06E-07	6.66E-07	2.15E-10	6.10E-14	1.06E-11	7.32E-07	0	2.96E-13	1656	1	0.492888851
0.051706466	1.06E-07	6.67E-07	2.13E-10	5.03E-14	1.05E-11	7.33E-07	0	2.94E-13	1655	1	0.4921457
0.052276189	1.06E-07	6.67E-07	2.12E-10	4.15E-14	1.04E-11	7.32E-07	0	2.92E-13	1654	1	0.491402736
0.052846144	1.06E-07	6.68E-07	2.10E-10	3.41E-14	1.03E-11	7.33E-07	0	2.90E-13	1653	1	0.490660051
0.054231449	1.06E-07	6.70E-07	2.06E-10	2.13E-14	1.00E-11	7.32E-07	0	2.84E-13	1651	1	0.489175262
0.058261402	1.06E-07	6.76E-07	1.96E-10	6.79E-15	9.26E-12	7.32E-07	0	2.70E-13	1645	1	0.482891188
0.062305117	1.06E-07	6.81E-07	1.86E-10	2.28E-15	8.59E-12	7.32E-07	0	2.56E-13	1639	1	0.479070551
0.066335275	1.06E-07	6.86E-07	1.76E-10	8.31E-16	7.94E-12	7.32E-07	0	2.43E-13	1634	1	0.473580893
0.070379848	1.06E-07	6.91E-07	1.66E-10	3.44E-16	7.35E-12	7.33E-07	0	2.30E-13	1628	1	0.471559347
0.074411327	1.06E-07	6.95E-07	1.58E-10	1.71E-16	6.81E-12	7.33E-07	0	2.19E-13	1622	1	0.46654779
0.078456769	1.06E-07	7.00E-07	1.49E-10	1.03E-16	6.31E-12	7.34E-07	0	2.07E-13	1616	1	0.464490913
0.082488466	1.06E-07	7.04E-07	1.41E-10	7.27E-17	5.85E-12	7.36E-07	0	1.97E-13	1610	1	0.460651987
0.086534789	1.06E-07	7.08E-07	1.34E-10	5.61E-17	5.41E-12	7.37E-07	0	1.87E-13	1604	1	0.459724939
0.090567838	1.06E-07	7.12E-07	1.26E-10	4.54E-17	5.00E-12	7.38E-07	0	1.77E-13	1598	1	0.455857528
0.094616193	1.07E-07	7.16E-07	1.19E-10	3.74E-17	4.61E-12	7.40E-07	0	1.68E-13	1592	1	0.454879723
0.098651751	1.07E-07	7.20E-07	1.12E-10	3.10E-17	4.25E-12	7.41E-07	0	1.59E-13	1586	1	0.45098443
0.102673845	1.07E-07	7.23E-07	1.05E-10	2.58E-17	3.92E-12	7.43E-07	0	1.50E-13	1580	1	0.450533475
0.106710803	1.07E-07	7.26E-07	9.92E-11	2.15E-17	3.62E-12	7.44E-07	0	1.43E-13	1575	1	0.446783899
0.110762736	1.07E-07	7.30E-07	9.36E-11	1.80E-17	3.35E-12	7.46E-07	0	1.36E-13	1569	1	0.446858294
0.114801115	1.07E-07	7.33E-07	8.83E-11	1.51E-17	3.10E-12	7.48E-07	0	1.29E-13	1563	1	0.443471737
0.118854586	1.07E-07	7.35E-07	8.33E-11	1.26E-17	2.87E-12	7.50E-07	0	1.22E-13	1558	1	0.443110177
0.122894407	1.08E-07	7.37E-07	7.88E-11	1.08E-17	2.67E-12	7.53E-07	0	1.17E-13	1552	1	0.439690975
0.125207214	1.08E-07	7.37E-07	7.88E-11	1.08E-17	2.67E-12	7.53E-07	0	1.17E-13	1552	1	0.439690975
